1426450796
031235326X
1401359604
61161535
031215125X
375806814
761104844
743250419
60554738
60510862
446698873
688156819
015205300X
575070706
316925284
553575384
316779423
068987121X
1563898586
451527631
440539811
307346609
1400049628
880386525
786931582
786918071
60734191
440229081
1550413392
440421241
143037889
671742515
60097914
307279901
786816015
805078533
60684127
224063979
140118594
316781460
99268809
1591840538
375708278
1400032539
394758269
60817321
349117624
446672211
425173747
1579126952
679721886
802141900
451167805
751504386
068482471X
374521727
689839057
689839081
312423209
140319298
380709171
688172172
006441034X
762405600
60218053
451459407
080075820X
60082178
767926765
446679089
446358584
446679097
767907817
140296476
312979975
425213382
60563753
571204201
60256532
067973337X
60757639
1402200455
553575422
756403146
312421850
786198192
749935081
380794489
380794470
60575883
006059828X
60590017
60734086
067187750X
805082743
1563892251
61238961
375700692
440928931
743468406
330419641
1592401716
385338694
316289361
425205622
802138004
143035827
451411528
380815575
373802471
60009268
037377138X
152047387
452156610
553381407
451160312
465028020
143039989
1569800863
61177598
553263579
743430336
345453859
671870114
446676101
006039322X
074324785X
440241359
99453452
440226457
044022179X
553381415
451211111
802141447
743249291
743249313
743249305
076074677X
802140181
1841492051
689841582
60264802
553383108
425209067
345443586
60899220
767915747
689862210
812520475
446364037
671876813
743435451
671877836
743435931
609805797
743488946
761129588
691122946
743299639
395883970
743203046
1599869942
806519606
1590596145
059610197X
321430840
765312921
471791431
785820833
618710531
1880685337
1590596153
679778314
1592401996
1881273652
71422579
671015206
451205367
1579546013
972018417
385484917
030723827X
1400052580
61234001
1576751740
446394599
785264191
316861014
735200300
60507330
140449043
674991842
142000280
140448942
743233212
452286875
60792299
1879505622
684839385
743250974
743269519
671792768
515126489
393324877
767917529
824512596
1400083117
553380656
1400097622
689834195
1580625258
1414304501
448416719
761521674
1560772786
553494155
044022750X
486406644
786705930
465081428
395530075
157954973X
1416903674
764598783
140298517
446694851
553609416
439463564
159052201X
375703861
61093580
380765454
895260476
802715524
1594865752
1400082544
193361501X
696220008
609602195
28627717
1594862923
380817160
446350982
141186801
020161622X
446578843
142401757
60094427
051513791X
679735259
312267177
393322106
881221147
684848597
140298479
684843323
068480154X
446673781
451187261
735619670
671724002
399240160
743204018
859536599
674023854
765356856
375760946
1421504332
743400259
307989135
380809060
688093388
451183886
822070049
1579547699
393058263
1401302467
080652720X
767904435
743267745
142003344
140236236
764227270
60957034
824519868
1421500493
752903799
451206479
1401905323
978605268
312010443
088088990X
1402718616
671631985
067174190X
71428062
60007753
1570671753
62510266
883682796
486404730
486280861
1402736479
71428488
943763347
811837319
452276969
399514902
1566918057
821257188
393062686
439405629
439739500
881221074
785263705
60539097
312319738
517224658
156031442
743277473
141651631X
067188400X
1886070237
1573241172
1561012629
764586696
131538411
60838744
375810617
679883568
7169973
375810390
044040035X
1426425171
158297103X
749804866
749858532
749858524
843175044
689707495
60586958
60885459
64460908
883689995
807011010
042519938X
042520846X
042519681X
60245603
375700455
316016845
316153788
1577780728
316000973
1584281251
486218430
140263586
572028628
572028504
764585568
067942895X
679749861
768423481
1568386214
609806521
1595550445
373802544
385495765
962088110
1573456233
449911411
670037788
330353829
142002798
977795306
451529405
312360037
60731427
1558322450
881507199
1930448139
553562835
375758259
446925233
684873176
60538252
380818957
039914255X
425173291
553572989
7175191
399525173
842387463
842387455
1414307640
031024756X
842382895
446579629
451188462
307277712
965834913
894860127
452285933
074346754X
486275507
761555730
60910690
394743253
738210072
312311338
1592574378
60920645
61239534
1594481571
385496095
374525641
61056006
449214192
739461192
774033266
786711647
1591858151
785273190
1571744584
316014796
6498523
446613363
1585004782
679643257
231103476
446578274
446531987
446577367
446532657
425204227
425201686
815332181
081533480X
451933028
1580178359
1585881465
618195637
310269008
1577310748
097640110X
684818868
764201956
586066888
553564943
743272072
373802455
618485228
1591793599
1591794641
193138259X
736421971
448433400
1578569052
967174805
038531177X
1416509879
1416503595
60542381
1598631896
60557818
076420064X
1580175988
761512195
399142789
399153292
805083197
965030067
684836270
345492862
60564784
394873343
1930235321
345465083
345436911
1932855416
067945120X
679451226
60505915
1603120270
1400049474
1590790154
316010707
552998796
385612400
743444299
1580421369
1416505512
671870742
440243254
465067107
330244043
786809140
312421990
1595580689
842386564
1416520864
671697986
1595541209
975262203
393312763
1591451876
130669970
132431068
132273586
1405201711
553803573
160729947
606334696
451529553
393308626
763631434
803723180
1416507787
076454280X
014029628X
345455207
679890483
1593373686
310214696
446609196
440237084
743244583
883683725
1592289800
60273984
451159411
039458404X
139536396
743550439
1554070325
333404092
1561709336
316545562
1886296383
158297294X
553586610
553583158
765340798
486440974
805073698
310926319
425180050
140190131X
156170315X
1401911862
60938110
465092845
345314034
736900128
1566918162
1566919436
1566918154
1566918081
345464796
787960756
739317148
99446782
446605484
446612545
446676438
006009527X
440109930
425204324
042519874X
440129613
441014992
1857989317
871139251
156029022
187892317X
316159433
515133310
60934611
446617113
765354942
385516665
345412214
470043601
156205810X
143037838
767906284
375913750
767906896
1401204953
1401209149
312319061
801012880
875167349
965900584
156701537
871136643
393312836
679734465
830813241
1558745157
975870033
375408266
879800429
451211936
60090383
60555955
142002836
505524384
743550455
964326191
689038623
743523571
743550420
812971426
013187165X
1591810329
802450075
802450091
345496094
143036971
805055487
142003166
307336131
1580622038
60932597
1581806604
891349464
1563054345
60739428
763620874
778321711
763616052
439538238
440228891
821776053
836218523
788846361
141180412
394748468
1893762130
740748475
836221362
751500283
1401308201
063407881X
553580515
802142532
64401502
60974990
1595550437
786888598
049509580X
1585422959
1572244259
312360118
60989157
310273005
310273021
471445509
767919475
1595550550
618640142
62508113
743245946
451221257
373285434
515140775
399147314
373285132
1417754753
1400078393
1600660835
672326663
786809949
805423516
1415825882
805498362
674006712
743270371
312982011
679451218
451217608
786011890
821768166
743428188
61238236
1423411137
1416523715
399235795
842342524
156007088
1578566851
015603252X
971030901
688003478
074328657X
1592476422
684849577
451412109
451409639
451412117
525948821
451409221
451410548
961539011
786913142
739455834
965867242
886774632
534633625
006124189X
446618470
763623296
679889116
375765506
385496591
312150601
785262563
894869930
1568380585
143036491
187882323X
1890159190
1573225789
097878510X
1573228710
517543052
670034665
039450660X
1592402739
345486471
842366652
60765313
791075826
1401908896
1932664084
345433726
1841580651
1558322620
99427869
051734582X
038541627X
385074077
158240612X
1401359345
1582406723
895260786
1591454824
60513039
60256656
842329250
842332286
842329277
006077939X
1569243018
375502246
689839901
5550222027
038071843X
446677086
321349601
1857239407
448089025
1416600353
1563121905
743219341
395964644
471295639
743267168
891096175
142196126
743215362
6532462
609807161
385073534
876055528
1586852345
1550225480
60872632
942018168
743272552
61242845
767903447
014026468X
670032085
553382640
937611352
1401902197
937611697
671737635
1592402496
076453940X
188516730X
553804340
465056520
195170768
758207190
761924426
964596008
671670069
60598328
60562250
573112959
1416532439
64401324
743439937
1561484318
1561485292
1561484598
800793218
60837721
375411518
375404317
075153420X
758206267
553588729
965260313
393978737
873644972
1594290032
1593074492
805210601
679764089
321433793
091581112X
915811030
1591840244
60964375
910034796
471134473
60779241
517577003
307236722
805418458
155074709
60578793
571202284
967512395
345473043
71446370
60519606
074324964X
1561586277
714845310
778322491
439845009
439845025
312340958
081296618X
1596980125
1593104464
1583941231
031242230X
806651504
141439904
142501557
689117353
1568495404
1572243759
1416540016
1563895641
142437808
618007016
618194576
312988885
393301354
61176176
1568360223
1582406847
1582405301
1582404135
330411969
61013315
038524939X
712664122
671021486
068985658X
553381482
439634695
944634486
1576839540
425214621
373261772
515143065
515138614
515134376
816039798
736423125
385504462
1882723007
345453743
394750594
1557832773
449208281
159145168X
736421866
684100177
875163238
1893858243
449209997
189094758X
743283449
385339038
515126497
1585422207
1558745262
156025355X
830717609
1891776193
765305372
039591907X
618346872
618154248
618538224
440126711
425212696
446691844
448424967
1430300612
1587217899
1931160171
977650502
91872774
385339089
1584831022
72936533
465083617
1558741127
805428364
573651221
316360678
486401588
345477871
393320359
553372114
62508768
812541626
752847872
1556614438
792261828
425175235
877180202
131453343
093003175X
553378252
843957484
013805326X
1855383446
1575421178
380713055
586008357
875421318
875421261
875421849
966446119
076422560X
340178221
60846704
1556523394
312929587
60518502
446611085
7169949
826314171
60513063
822210894
879810262
395401461
449219984
756402662
756401933
1589190645
843955309
067031255X
1581340052
387952845
1576830160
399507914
823003590
080280294X
1571740872
738700037
937382000
805421610
689849230
452281725
446618888
975309382
1559391537
817441816
786884142
586064176
394726413
449209121
080504891X
975298003
62517201
61161640
971435235
764584472
671507036
201433362
201752840
096757563X
60732067
743486250
961470151
312338082
786887842
802775802
671793551
590431978
61137634
448089041
802463126
961959533
1887202048
61231673
1570762848
684818434
307341445
760320543
575077662
830725644
088368442X
883686716
307339386
20209851
785250662
718006399
1418509590
60920475
440242754
688044026
393057941
60628626
62504088
71444041
60566108
28630238
471168572
345486927
155832156X
425181448
471392286
440241758
1561372900
439417848
439376084
131118927
830738339
830736352
830736743
1579651267
842360611
60515805
1563890976
767924703
609608754
345406400
767903374
441010652
450610098
60884355
450411435
671633325
743455967
689847122
875964486
735202850
671700758
226065669
375407928
425089517
802135412
486272982
688028470
1583870067
1563899809
942018001
684135051
880293926
778323633
045121319X
960522603
807576743
1557091552
1557091579
1557091617
914314041
1554072840
451411692
1602390363
862735165
877798087
091249803X
877799164
312368690
849996198
937381500
937381888
943151244
970352549
71472657
471274232
006081246X
757002552
671723227
1400077427
842355073
892745444
1893007170
039306154X
1592330401
7119005901
1401308104
316236535
316159212
142003646
1882413342
451200829
785263535
1891776215
881928038
738208248
073820904X
394813561
758202210
521506743
913573442
786881887
425206335
1888047054
030733841X
140065172
60973617
451197887
451198859
395905079
1591841003
786011858
671042564
553371320
1585422665
486454401
679752927
385304471
761116230
321369572
582784255
671027646
1565547063
310246954
1929242352
849913829
66209579
71392319
007147871X
385318413
224006592
764228943
1416521836
805078045
1889392251
1592401570
385036434
000627935X
786881267
765353652
472067923
097679442X
097657151X
1569756066
515135216
829420010
471774839
963277650
1932565302
044050838X
1565122798
1590597001
696221535
60837764
800792602
1592802761
811836037
811852253
393058298
805061738
1582341338
310606519
743285018
1599982633
140120416
471017078
1400096936
890420254
890420270
890420262
890420645
380804697
374161623
801021766
310708257
345325222
1565071999
399234160
609806939
743436598
1401918999
087718013X
895260174
1594865132
758207212
074349282X
767908724
375811001
067988632X
142408808
786017112
571171788
446362778
1573223328
898159156
373874154
60958340
465032982
60748125
72852607
895949903
1879181584
093968053X
1569714169
972660208
446530573
385410956
891343377
764554239
62731025
781737338
1582553424
789457350
058250628X
006076693X
743442849
1416510826
671799320
1929280106
684869136
1416513183
074322423X
1414311656
763622591
785267492
152050523
60007362
60742569
440223725
781760038
809037726
1416915060
689855532
786885386
073380084X
1932124640
440409411
743484282
919345921
1583332367
316058254
764599127
764599038
345345886
470102101
684845776
1594861951
081293301X
789416573
312953607
595196667
153119268
316905747
971727953
971727937
1578568234
307339238
684039990
310253535
1595230327
1567656609
345460731
976918544
62513710
765316234
60014342
551009373
941188701
1404103929
1400301602
849917859
672325675
022406312X
830820043
312491506
670869759
761128689
1556618417
1419515624
739202502
822008998
781773156
974537616
448425297
801067723
962994235
684845598
767913809
767913817
60827645
1580176259
698400011
962819034
1401900488
767922719
1590525140
743273567
735201447
785263810
156013150
306811014
684840057
316286168
044669214X
446697648
60930632
743235274
842305068
385472560
1581344988
1401302092
736920595
399527834
786710950
276428722
764201654
067944677X
006113922X
609809881
785212264
910267022
743270878
939460904
824947002
446603783
446610380
1933397047
373833466
1882127331
945053282
912550015
1417906774
157673787X
1555914500
882702203
71363092
736904190
1579123228
929173252
310266297
345495039
553256742
633193801
804834717
785271767
618164413
1575421585
055327418X
143038257
399154124
786915749
7169892
64442446
781439647
345409469
157683932X
375822232
451220897
758212550
758212887
758212534
736902430
758212860
892211237
883687860
679776591
1580088082
446611409
385517254
380727633
380804204
151012377
449220354
553571745
60093366
60776250
505525526
60751967
61054240
068485743X
345359828
425204030
815340788
716776715
73212202
871358506
486290727
1574090488
505526654
61238600
380792494
439280680
914427660
310494818
310228751
761121323
740767526
811848248
1590524586
553280422
1560970898
156097060X
448405202
1568381387
1400030749
1401902294
1905047401
750922702
425141462
448439158
689874235
044842584X
1416941207
044843914X
805071636
840749570
778324109
590481355
380704420
1583332049
380731886
192839993
778322068
044661761X
425195481
749934182
1579548148
158640024X
375822666
739336819
679863745
60875410
849937531
781430550
184046254X
553107232
055356773X
670035106
670035793
596001177
670241334
743259823
1885061900
785122672
785119019
689865198
1416940901
1416903569
1416903542
1865081000
1593789998
425170411
61057940
1557044449
4592731859
1595324089
1591826047
1598168622
312263511
761107711
1563054418
802813879
1883206448
634060422
60567643
310255872
64472078
312986769
977704009
140280464
805427848
785100490
7127405
425166309
446614157
374500010
553214144
1581347510
932813747
1933718005
310709539
310214785
452282772
451205766
1590521676
977227901
000715853X
394800753
7175175
7173040
039480001X
99478447
1556524277
1599957191
1569244286
696215462
28634691
312108192
751531995
312300581
312316224
031236122X
031230515X
877799288
312080743
1587495503
316544981
609805851
849901847
811839141
159869216X
1585425834
972545425
812974611
345366239
688069711
1564143414
671038850
470009802
905712617
60739487
843178086
055332134X
1416505210
448089181
61000175
448436272
385339593
345347250
345351584
345368355
307119750
345432398
718009614
785279814
800793773
031027768X
743471385
425187721
1576739791
131893009
440242746
151011826
684842785
785264698
7191324
842384383
890819769
828314608
1878424173
486291669
1400082870
096516960X
1844583678
789441160
039592622X
964022168
1893618072
60268654
031232488X
375826432
821772953
805443908
451195086
1592760678
943015448
091585600X
916856038
486291766
786889780
786883723
764291009
75542811
316146110
809222272
1591451884
440235294
785116451
763744050
151686564
159017125X
159228065X
1590582381
1590583140
877900086
1569243093
745199704
140449213
793525446
684850028
1885904312
967718929
1565076370
031021081X
307266923
60637242
205457959
067985438X
155643233X
006078184X
1599980436
316020362
61120162
929173481
442273118
307346811
375826319
030712584X
375832556
446698512
807070718
1878424505
316113506
316954993
1577311108
081185213X
505525836
1594770549
1590521269
1583146695
1571881832
794411126
60746378
976647915
074321241X
965987302
810115905
765313081
1561705527
4770028555
152053158
159789821X
140010243X
1561708755
764200119
1931722528
1414303475
1414311354
1414312725
394725891
802130313
1577363418
1580052010
72263113
486270785
074325144X
1564029735
067101756X
1580171052
7236344
440472202
763631620
374528535
826419062
1557000026
802441467
743456661
007312625X
916856372
142301647
142404624
60392622
6135129
1400063353
764596403
056708633X
097009731X
006114097X
670038407
899667341
893891517
61030635
751533068
764157000
60089466
553382896
1929242360
375837892
425166791
671016881
916773418
1570548307
076110478X
1600963773
60096551
515110396
671734563
345466411
1865153036
448437600
9993579211
671866397
1599982595
805211241
015205880X
393052303
1884855164
316735507
553278827
743261127
764588222
786883154
679728740
60957867
812521390
765319233
140280243
312302592
553282182
761117199